# MoE GAUSSIAN router M-per-expert -- CRI / Xe3p.
# Derived from benchmark_full_moe.in: same (dtype,N,K) shapes and total token
# budget, but dynamic-M per-expert token counts from a gaussian distribution
# (--m_per_expert=<csv>; num_experts follows the csv length).
#
fp8_tensor_moe --bm_name=bm_src0 --topk=1 --hidden_size=1280 --new_hidden_size=3584 --m_per_expert=689,854,534,520,780,839,560,134,592,664,766,801,527,714,735,946,660,1084,767,733,784,239,677,793 --verify=true
fp8_tensor_moe --bm_name=bm_src0 --topk=1 --hidden_size=1280 --new_hidden_size=3584 --m_per_expert=1760,1421,1377,1132,1605,1234,1012,919,1387,612,1231,1297,1427,1416,1143,1494,1690,1896,1647,1377,1415,1067,1394,1831 --verify=true
fp8_tensor_moe --bm_name=bm_src0 --topk=1 --hidden_size=1280 --new_hidden_size=3584 --m_per_expert=1981,3022,1963,2071,2825,2700,2805,2903,2823,2613,1166,3068,3236,3329,2078,2441,2744,1676,1971,2583,2167,2593,3150,3532 --verify=true
fp8_tensor_moe --bm_name=bm_src0 --topk=1 --hidden_size=1280 --new_hidden_size=3584 --m_per_expert=3381,3871,1645,2471,1915,2808,1863,2546,3498,3563,1998,3457,3918,2284,2758,3041,2165,2586,3093,3196,2906,1331,3180,2070 --verify=true
fp8_tensor_moe --bm_name=bm_src0 --topk=1 --hidden_size=1280 --new_hidden_size=3584 --m_per_expert=7375,7442,5781,7511,4163,5061,3720,6010,8282,6734,4998,4617,6770,8081,3869,5615,7073,1655,4501,6596,2674,4730,4337,3493 --verify=true
mxfp8_e4m3_moe --bm_name=bm_src0 --topk=1 --hidden_size=1280 --new_hidden_size=3584 --m_per_expert=726,643,358,624,977,883,517,464,750,787,640,806,355,605,442,271,861,1125,1042,763,697,528,703,825 --verify=true
mxfp8_e4m3_moe --bm_name=bm_src0 --topk=1 --hidden_size=1280 --new_hidden_size=3584 --m_per_expert=1126,1098,934,1802,1418,2012,1676,1229,1731,1314,1082,1811,1613,1161,2032,1217,830,1458,1346,1290,785,1226,1055,1538 --verify=true
mxfp8_e4m3_moe --bm_name=bm_src0 --topk=1 --hidden_size=1280 --new_hidden_size=3584 --m_per_expert=2418,1806,2628,2581,2775,2442,1199,2891,4040,2438,1377,4208,3770,2449,2737,2354,3710,1681,1124,3434,3446,1768,2931,1233 --verify=true
mxfp8_e4m3_moe --bm_name=bm_src0 --topk=1 --hidden_size=1280 --new_hidden_size=3584 --m_per_expert=2549,4352,2084,2174,2845,2212,2954,2674,3204,3364,2690,2172,1210,2898,2693,3863,3601,2637,1728,2150,4074,1433,2579,3404 --verify=true
mxfp8_e4m3_moe --bm_name=bm_src0 --topk=1 --hidden_size=1280 --new_hidden_size=3584 --m_per_expert=3631,3213,4972,5970,7313,8153,7665,3612,4647,4899,7114,4806,6579,5054,1262,5301,5609,5958,5974,7059,6090,4027,6770,5410 --verify=true
mxfp4_moe --bm_name=bm_src0 --topk=1 --hidden_size=1280 --new_hidden_size=3584 --m_per_expert=669,981,292,664,884,374,879,631,590,891,927,802,623,469,578,710,780,728,705,470,655,545,634,911 --verify=true
mxfp4_moe --bm_name=bm_src0 --topk=1 --hidden_size=1280 --new_hidden_size=3584 --m_per_expert=1781,1136,987,1401,2021,1995,1318,468,798,1866,1745,917,1594,1245,1178,1206,981,937,1490,817,2224,2451,1415,813 --verify=true
mxfp4_moe --bm_name=bm_src0 --topk=1 --hidden_size=1280 --new_hidden_size=3584 --m_per_expert=2678,1786,2854,2821,2971,1342,3385,2699,3698,2838,3442,2482,3200,2659,1261,2410,1011,1781,3426,2425,2162,2339,2802,2968 --verify=true
mxfp4_moe --bm_name=bm_src0 --topk=1 --hidden_size=1280 --new_hidden_size=3584 --m_per_expert=1846,4697,2476,886,2333,3038,1825,3769,3154,2875,2337,2362,3396,2889,1037,1308,3904,3644,2797,3351,2480,2926,4074,2140 --verify=true
mxfp4_moe --bm_name=bm_src0 --topk=1 --hidden_size=1280 --new_hidden_size=3584 --m_per_expert=6916,5684,3752,6825,3698,5492,5666,3009,7757,4998,6962,4325,4896,6006,4896,6638,4158,4745,5659,7390,1942,5087,8183,6404 --verify=true
fp8_tensor_moe --bm_name=bm_src0 --topk=1 --hidden_size=1280 --new_hidden_size=3584 --m_per_expert=134,211,146,78,71,176,190,212,208,63,199,205,263,166,16,138,136,194,231,228,182,227,228,280,150,149,248,51,231,176,107,184,152,68,24,169,155,235,225,240,154,222,213,196,185,175,227,168,136,148,158,91,148,58,246,226,218,142,229,190,159,171,218,127,177,100,225,121,97,211,215,233,233,217,179,201,182,99,115,121,154,114,97,190,108,213,235,279,179,197,159,232,184,90,160,148 --verify=true
mxfp8_e4m3_moe --bm_name=bm_src0 --topk=1 --hidden_size=1280 --new_hidden_size=3584 --m_per_expert=142,149,203,139,192,268,159,137,141,265,151,283,94,185,146,122,293,114,164,185,122,229,146,206,205,142,171,123,194,91,95,107,185,137,224,110,192,143,177,130,155,148,96,138,261,78,274,168,113,148,202,194,148,134,203,185,187,128,120,132,180,128,219,226,146,133,60,124,202,212,261,209,178,90,131,238,234,190,193,123,225,161,255,279,191,183,191,120,226,114,225,159,198,246,54,239 --verify=true
mxfp4_moe --bm_name=bm_src0 --topk=1 --hidden_size=1280 --new_hidden_size=3584 --m_per_expert=142,168,197,321,190,214,197,123,176,164,231,174,154,219,156,132,222,127,112,155,129,231,241,95,171,174,111,249,63,139,164,117,198,109,67,198,234,179,206,251,75,193,177,108,218,120,185,105,102,163,132,185,195,150,202,185,119,195,193,214,156,151,211,207,243,219,92,199,287,279,193,197,86,195,1,289,142,112,126,160,197,172,112,180,258,247,110,151,211,186,128,180,91,131,149,252 --verify=true
fp8_tensor_moe --bm_name=bm_src0 --topk=1 --hidden_size=1280 --new_hidden_size=3584 --m_per_expert=512,350,583,420,519,408,354,288,387,398,339,404,536,454,263,387,624,305,286,183,450,312,421,276,291,311,509,392,647,466,325,284,501,481,300,634,412,505,399,145,372,386,413,523,618,248,560,224,348,536,362,383,282,540,404,429,327,398,521,418,339,431,296,381,366,481,636,400,392,266,608,273,575,458,320,503,648,482,563,482,607,599,477,434,298,664,323,262,555,299,385,410,344,408,140,512,710,441,534,672,690,154,544,681,464,513,321,479,581,479,496,480,288,263,266,551,369,552,740,264,434,242,419,581,443,296,413,351,342,176,683,353,493,283,231,449,595,491,401,344,570,364,572,338,345,288,484,470,411,722,388,569,431,579,272,411,535,183,533,467,199,278,250,560,549,344,521,265,233,415,232,449,575,418,393,518,475,586,486,443,203,486,570,516,367,363,459,456,553,267,512,589 --verify=true
mxfp8_e4m3_moe --bm_name=bm_src0 --topk=1 --hidden_size=1280 --new_hidden_size=3584 --m_per_expert=293,484,366,382,580,589,337,373,311,652,338,371,615,824,452,267,415,428,263,579,515,382,267,705,289,320,213,370,535,175,467,202,388,440,557,461,501,313,249,468,353,342,462,268,381,493,513,548,454,657,337,278,434,449,273,729,268,572,332,629,411,461,363,533,385,475,395,400,391,449,369,431,520,446,527,210,439,607,319,650,340,382,628,316,458,392,309,536,765,364,180,171,481,501,398,474,537,543,590,389,554,100,525,561,396,154,408,389,513,518,346,491,346,453,431,423,651,312,509,417,323,441,654,402,495,373,322,575,334,365,492,294,258,285,464,750,372,465,367,438,333,299,430,554,479,331,294,453,461,460,472,339,454,539,374,350,513,580,356,509,85,330,513,502,431,536,260,464,496,319,287,330,218,528,628,343,473,512,460,732,250,232,556,477,641,476,519,356,585,309,260,287 --verify=true
mxfp4_moe --bm_name=bm_src0 --topk=1 --hidden_size=1280 --new_hidden_size=3584 --m_per_expert=611,554,375,461,471,360,54,581,110,526,401,642,580,431,455,544,634,523,351,319,449,540,321,533,646,390,270,490,448,385,100,311,629,299,274,633,156,504,382,382,266,573,504,387,199,580,181,305,470,237,436,408,610,389,284,286,476,434,382,807,230,496,414,417,610,562,376,405,401,589,348,225,421,374,381,326,420,454,310,480,418,368,384,421,416,412,242,411,594,426,545,242,510,410,496,359,354,317,358,543,568,462,941,466,407,551,527,726,404,408,523,391,227,360,379,427,487,260,390,431,502,251,263,452,432,212,482,599,259,379,371,358,347,464,447,541,476,522,394,540,469,413,339,451,572,488,442,439,538,556,304,373,611,225,346,526,288,319,300,406,506,493,488,499,534,261,351,551,415,509,314,464,255,578,499,619,380,465,335,506,587,279,615,436,415,351,504,492,586,248,341,273 --verify=true
fp8_tensor_moe --bm_name=bm_src0 --topk=1 --hidden_size=3584 --new_hidden_size=2560 --m_per_expert=786,516,702,907,655,803,654,853,507,339,777,712,698,372,605,950,591,279,783,1210,1073,243,709,668 --verify=true
fp8_tensor_moe --bm_name=bm_src0 --topk=1 --hidden_size=3584 --new_hidden_size=2560 --m_per_expert=911,1026,1316,1088,1130,1460,1122,1221,893,1791,1436,2099,1316,1837,1816,1147,885,1407,1196,1963,874,2112,1408,1330 --verify=true
fp8_tensor_moe --bm_name=bm_src0 --topk=1 --hidden_size=3584 --new_hidden_size=2560 --m_per_expert=3080,1918,3871,2245,3028,2992,2911,3819,873,2789,2445,2213,1300,3537,2669,1704,2519,1327,2984,1441,2388,4149,2368,2870 --verify=true
fp8_tensor_moe --bm_name=bm_src0 --topk=1 --hidden_size=3584 --new_hidden_size=2560 --m_per_expert=2077,3545,3205,3290,2747,1812,1918,3678,2459,2871,2189,2635,3558,2275,2559,3099,3338,2311,3525,2953,2819,1208,3248,2225 --verify=true
fp8_tensor_moe --bm_name=bm_src0 --topk=1 --hidden_size=3584 --new_hidden_size=2560 --m_per_expert=3988,4900,7758,5052,4816,2502,8959,6652,4197,3794,5985,5278,4721,6454,384,6016,4708,6629,8622,5569,7260,8290,4073,4481 --verify=true
mxfp8_e4m3_moe --bm_name=bm_src0 --topk=1 --hidden_size=3584 --new_hidden_size=2560 --m_per_expert=407,537,697,991,797,584,724,690,884,798,257,685,782,928,576,735,741,818,393,480,684,621,953,630 --verify=true
mxfp8_e4m3_moe --bm_name=bm_src0 --topk=1 --hidden_size=3584 --new_hidden_size=2560 --m_per_expert=1125,2246,1097,1988,1048,1345,1498,964,1597,1420,1253,1581,1248,1836,532,2097,889,1414,1366,1443,1270,1293,1352,882 --verify=true
mxfp8_e4m3_moe --bm_name=bm_src0 --topk=1 --hidden_size=3584 --new_hidden_size=2560 --m_per_expert=2608,2711,4099,2825,2613,865,3111,1943,2125,2103,2063,2350,3809,2081,2018,3183,1850,2442,3777,1043,4194,2377,2074,3176 --verify=true
mxfp8_e4m3_moe --bm_name=bm_src0 --topk=1 --hidden_size=3584 --new_hidden_size=2560 --m_per_expert=2411,3623,3489,2288,2547,2908,1335,2225,2210,2370,3604,2202,2294,2378,4306,3902,2531,3159,2044,3402,2556,3170,2265,2325 --verify=true
mxfp8_e4m3_moe --bm_name=bm_src0 --topk=1 --hidden_size=3584 --new_hidden_size=2560 --m_per_expert=5275,3249,6083,7413,5331,3277,5306,6664,5574,7302,2751,7632,5471,3215,6539,4457,5777,8688,4639,6899,3791,5271,4265,6219 --verify=true
mxfp4_moe --bm_name=bm_src0 --topk=1 --hidden_size=3584 --new_hidden_size=2560 --m_per_expert=593,389,966,733,498,957,785,422,608,608,645,664,994,938,536,650,681,1124,696,691,886,404,821,103 --verify=true
mxfp4_moe --bm_name=bm_src0 --topk=1 --hidden_size=3584 --new_hidden_size=2560 --m_per_expert=1076,1516,1447,1287,629,1229,1012,1732,1186,1345,1130,1255,1697,1411,1320,1323,1782,2284,993,1528,1561,1121,1170,1750 --verify=true
mxfp4_moe --bm_name=bm_src0 --topk=1 --hidden_size=3584 --new_hidden_size=2560 --m_per_expert=3167,3263,2614,1699,1680,2980,2037,3387,2917,2716,3265,2358,1238,2142,3334,2186,3227,2149,2796,2040,3550,1695,1999,3001 --verify=true
mxfp4_moe --bm_name=bm_src0 --topk=1 --hidden_size=3584 --new_hidden_size=2560 --m_per_expert=3289,3536,2226,1914,2644,2660,1288,2922,2083,2232,3566,1985,3986,3350,2874,1442,4090,2030,3127,3020,2140,4131,2518,2491 --verify=true
mxfp4_moe --bm_name=bm_src0 --topk=1 --hidden_size=3584 --new_hidden_size=2560 --m_per_expert=5107,5539,4523,4850,4090,7771,3377,5018,6513,5421,5802,5593,4738,9395,7620,5532,5765,7349,4450,5754,3328,3745,5251,4557 --verify=true
fp8_tensor_moe --bm_name=bm_src0 --topk=1 --hidden_size=3584 --new_hidden_size=2560 --m_per_expert=615,371,815,592,561,1185,305,639,961,499,619,757,318,581,501,178,683,715,953,1069,702,809,600,784,896,880,419,444,918,477,1095,1031,1339,500,527,741,570,767,251,794,448,474,295,732,738,931,780,925 --verify=true
mxfp8_e4m3_moe --bm_name=bm_src0 --topk=1 --hidden_size=3584 --new_hidden_size=2560 --m_per_expert=518,668,908,504,734,688,400,563,410,373,621,1089,651,688,778,874,498,608,352,749,618,590,1095,762,877,914,847,286,651,664,557,452,968,987,861,694,721,861,728,284,781,786,708,854,572,792,720,480 --verify=true
mxfp4_moe --bm_name=bm_src0 --topk=1 --hidden_size=3584 --new_hidden_size=2560 --m_per_expert=684,585,934,426,648,758,450,616,951,584,1003,864,699,726,413,878,554,756,1114,683,611,936,1036,602,487,580,1099,484,827,487,503,926,149,601,330,527,389,604,565,810,861,706,572,850,928,542,585,861 --verify=true
fp8_tensor_moe --bm_name=bm_src0 --topk=1 --hidden_size=3584 --new_hidden_size=2560 --m_per_expert=111,244,230,124,183,257,136,226,220,129,178,239,165,191,77,169,214,192,197,224,271,176,175,233,87,127,149,82,169,221,192,277,121,172,188,226,178,174,59,220,219,108,112,258,152,165,102,105,140,114,174,96,89,141,193,194,203,158,265,99,125,174,126,154,215,153,71,159,67,189,161,165,166,245,196,260,197,247,241,151,140,170,122,102,165,170,141,201,265,143,194,166,206,202,134,143 --verify=true
mxfp8_e4m3_moe --bm_name=bm_src0 --topk=1 --hidden_size=3584 --new_hidden_size=2560 --m_per_expert=267,137,230,187,71,130,169,163,139,164,225,210,112,228,102,190,197,52,191,205,167,230,249,202,262,117,205,140,146,254,131,192,150,122,133,195,211,89,222,188,182,171,212,179,239,115,166,146,63,277,176,183,148,84,208,179,175,231,178,188,210,142,154,117,199,117,181,142,129,91,123,195,124,93,243,189,133,192,174,215,121,202,208,203,282,83,187,150,120,117,214,113,152,234,256,137 --verify=true
mxfp4_moe --bm_name=bm_src0 --topk=1 --hidden_size=3584 --new_hidden_size=2560 --m_per_expert=219,15,204,150,196,172,180,161,202,153,113,190,69,236,195,161,136,120,237,107,231,80,103,208,190,157,143,188,103,185,158,150,222,112,245,214,79,198,114,151,198,120,155,162,132,224,146,88,101,159,239,104,79,181,279,176,185,156,206,272,223,144,195,196,194,142,110,284,196,196,200,167,232,193,143,98,115,120,200,153,165,189,219,149,253,129,197,185,245,203,227,184,224,163,202,172 --verify=true
fp8_tensor_moe --bm_name=bm_src0 --topk=1 --hidden_size=3584 --new_hidden_size=2560 --m_per_expert=542,256,578,335,479,578,440,277,359,437,122,577,521,325,559,485,428,357,360,355,400,654,386,382,365,388,534,203,594,365,292,368,608,326,511,503,587,291,467,350,380,403,374,570,429,487,387,341,362,333,445,304,140,231,355,191,486,624,365,302,263,457,493,578,446,391,231,785,390,369,504,513,604,614,360,534,364,417,150,387,589,302,429,358,508,290,671,463,329,405,537,150,473,452,451,597,499,180,413,411,663,567,576,467,603,590,357,331,594,672,339,613,249,427,350,657,440,487,415,419,385,513,314,659,229,437,614,318,180,627,406,529,496,406,448,656,493,212,478,400,437,206,575,326,350,435,524,572,314,502,518,350,520,403,478,254,485,396,402,539,389,488,456,606,349,428,582,284,320,291,568,676,341,297,407,413,590,267,506,349,334,369,360,399,575,372,401,243,313,259,366,374 --verify=true
mxfp8_e4m3_moe --bm_name=bm_src0 --topk=1 --hidden_size=3584 --new_hidden_size=2560 --m_per_expert=411,291,339,387,550,465,562,516,405,297,477,530,564,470,444,284,370,509,502,412,351,432,393,470,662,184,488,455,343,548,591,284,182,335,444,426,456,524,475,488,488,153,458,204,852,498,429,589,630,303,535,656,375,367,481,294,313,311,592,272,217,422,681,355,394,580,279,446,359,365,521,631,440,445,240,496,549,649,417,234,453,495,397,758,360,530,420,553,175,385,421,207,666,471,553,618,403,583,468,451,530,644,286,402,489,326,154,602,469,353,249,364,384,273,483,568,248,390,273,264,568,201,426,621,313,109,444,152,621,409,320,308,297,493,474,570,270,517,479,565,330,597,371,406,538,336,681,493,285,343,511,606,298,376,264,422,265,471,592,365,362,291,462,549,523,553,453,431,246,137,393,479,389,515,339,475,418,394,178,511,361,241,399,368,502,489,396,366,510,542,565,486 --verify=true
mxfp4_moe --bm_name=bm_src0 --topk=1 --hidden_size=3584 --new_hidden_size=2560 --m_per_expert=313,494,476,402,435,316,393,305,389,446,139,374,456,257,146,519,448,493,241,540,458,424,610,503,400,602,528,412,394,239,409,580,670,201,462,565,344,486,466,349,381,409,312,430,377,432,522,499,580,381,561,327,401,387,335,554,274,347,611,457,244,341,400,390,448,471,480,440,442,427,381,553,533,293,580,689,590,484,733,302,723,219,317,437,342,521,440,604,313,627,683,614,207,576,543,448,521,269,336,430,388,263,453,500,375,304,443,304,342,607,153,321,447,449,715,440,693,681,438,403,479,448,602,528,448,387,514,426,415,224,666,126,415,171,229,371,310,341,194,604,357,438,321,370,585,348,442,485,629,331,241,305,512,280,350,344,391,337,496,430,421,270,405,394,244,666,534,185,521,456,342,494,620,437,398,358,400,638,322,655,528,333,498,307,349,275,696,353,448,350,557,269 --verify=true
bf16_moe --bm_name=bm_src1 --topk=1 --hidden_size=4096 --new_hidden_size=3072 --m_per_expert=45,38,12,17,15,16,24,31,28,21,25,28,21,40,36,25,20,24,24,22,30,22,21,21,9,20,18,33,15,20,34,13 --verify=true
bf16_moe --bm_name=bm_src1 --topk=1 --hidden_size=4096 --new_hidden_size=3072 --m_per_expert=66,18,92,33,41,71,46,49,27,50,42,65,58,48,92,22,24,69,89,68,41,58,59,37,71,64,29,60,106,47,71,79 --verify=true
bf16_moe --bm_name=bm_src1 --topk=1 --hidden_size=4096 --new_hidden_size=3072 --m_per_expert=72,39,81,44,62,55,47,73,27,44,56,76,40,55,95,76,81,71,120,65,78,50,59,64,83,42,66,51,70,83,70,53 --verify=true
bf16_moe --bm_name=bm_src1 --topk=1 --hidden_size=4096 --new_hidden_size=3072 --m_per_expert=93,107,52,64,99,108,97,34,116,138,137,128,122,160,78,146,89,136,157,114,110,176,54,90,235,107,106,144,133,63,118,73 --verify=true
bf16_moe --bm_name=bm_src1 --topk=1 --hidden_size=4096 --new_hidden_size=3072 --m_per_expert=308,325,293,256,161,216,222,349,277,152,237,108,256,338,198,223,258,373,293,405,306,110,56,397,228,322,237,315,226,313,183,251 --verify=true
bf16_moe --bm_name=bm_src1 --topk=1 --hidden_size=4096 --new_hidden_size=3072 --m_per_expert=508,267,335,357,334,289,280,285,250,273,385,315,402,291,180,191,358,396,308,296,313,329,147,386,497,373,300,427,378,274,213,303 --verify=true
bf16_moe --bm_name=bm_src1 --topk=1 --hidden_size=4096 --new_hidden_size=3072 --m_per_expert=832,348,574,267,711,902,741,605,862,692,379,481,502,1068,576,35,798,249,771,705,874,533,558,562,607,831,962,727,579,741,877,531 --verify=true
bf16_moe --bm_name=bm_src1 --topk=1 --hidden_size=4096 --new_hidden_size=3072 --m_per_expert=2805,837,1863,1931,1287,2080,2019,2764,2175,1356,692,1875,2351,2721,1745,1945,2011,2025,2132,1475,1423,2499,2880,2019,2544,2692,2745,1860,2721,1699,1934,2431 --verify=true
