# MoE UNBALANCED router M-per-expert -- CRI / Xe3p.
# Derived from benchmark_full_moe.in: same (dtype,N,K) shapes and total token
# budget, but dynamic-M per-expert token counts from a unbalanced distribution
# (--m_per_expert=<csv>; num_experts follows the csv length).
#
fp8_tensor_moe --bm_name=bm_src0 --topk=1 --hidden_size=1280 --new_hidden_size=3584 --m_per_expert=266,902,861,608,980,806,1040,792,998,665,886,395,764,330,214,312,644,614,890,194,838,938,612,843 --verify=host
fp8_tensor_moe --bm_name=bm_src0 --topk=1 --hidden_size=1280 --new_hidden_size=3584 --m_per_expert=947,1285,1417,858,2060,895,1267,1950,670,808,1988,1246,2031,1014,416,1740,1424,1609,1132,1545,1814,786,2390,1492 --verify=host
fp8_tensor_moe --bm_name=bm_src0 --topk=1 --hidden_size=1280 --new_hidden_size=3584 --m_per_expert=1347,1346,1128,3774,3706,1602,4758,2845,2796,994,4481,889,4228,1131,1712,1292,3163,2855,3836,2875,932,4487,2029,3234 --verify=host
fp8_tensor_moe --bm_name=bm_src0 --topk=1 --hidden_size=1280 --new_hidden_size=3584 --m_per_expert=2735,3709,2395,1001,3973,4461,3736,3488,2083,1463,2218,2817,3843,861,2285,3451,1702,4230,2828,4723,1527,886,2334,2795 --verify=host
fp8_tensor_moe --bm_name=bm_src0 --topk=1 --hidden_size=1280 --new_hidden_size=3584 --m_per_expert=6663,9338,5024,5901,3468,2514,7093,2432,9240,5706,5235,3868,8668,7448,1639,2166,4038,8220,7045,2149,4295,7938,1660,9340 --verify=host
mxfp8_e4m3_moe --bm_name=bm_src0 --topk=1 --hidden_size=1280 --new_hidden_size=3584 --m_per_expert=482,554,197,814,951,426,773,234,1107,496,538,949,786,801,1155,971,198,472,561,960,423,1058,386,1100 --verify=host
mxfp8_e4m3_moe --bm_name=bm_src0 --topk=1 --hidden_size=1280 --new_hidden_size=3584 --m_per_expert=502,1819,718,2024,1635,2025,825,1127,2541,672,833,865,788,1388,2106,476,1771,1276,1271,1058,2855,1281,1415,1513 --verify=host
mxfp8_e4m3_moe --bm_name=bm_src0 --topk=1 --hidden_size=1280 --new_hidden_size=3584 --m_per_expert=2433,2145,3408,3971,1003,3343,2716,3831,1385,4039,2684,1842,1559,1713,3555,3181,861,1305,3207,3043,2699,2215,3214,2088 --verify=host
mxfp8_e4m3_moe --bm_name=bm_src0 --topk=1 --hidden_size=1280 --new_hidden_size=3584 --m_per_expert=4420,1999,2992,1233,1432,1669,1794,4574,2215,3927,3993,2465,2621,3878,1333,2933,1908,805,3335,2430,4749,4417,3566,856 --verify=host
mxfp8_e4m3_moe --bm_name=bm_src0 --topk=1 --hidden_size=1280 --new_hidden_size=3584 --m_per_expert=9284,4637,8589,8807,5965,5768,4220,5123,2293,2273,1944,3833,8316,7104,7355,1928,7292,2341,7304,5223,3502,8997,4878,4112 --verify=host
mxfp4_moe --bm_name=bm_src0 --topk=1 --hidden_size=1280 --new_hidden_size=3584 --m_per_expert=230,305,1215,1192,965,926,256,1238,214,536,1226,419,831,1000,1037,189,826,974,237,668,659,559,478,212 --verify=host
mxfp4_moe --bm_name=bm_src0 --topk=1 --hidden_size=1280 --new_hidden_size=3584 --m_per_expert=1058,1428,1650,888,1569,992,1055,452,1267,941,1112,1092,1245,676,1336,2233,2036,1936,1580,1989,1607,1792,818,2032 --verify=host
mxfp4_moe --bm_name=bm_src0 --topk=1 --hidden_size=1280 --new_hidden_size=3584 --m_per_expert=2291,3126,701,2757,1438,798,1491,2931,1896,3300,3492,1192,850,3956,939,3816,3742,2557,2658,3995,2387,3026,4026,4075 --verify=host
mxfp4_moe --bm_name=bm_src0 --topk=1 --hidden_size=1280 --new_hidden_size=3584 --m_per_expert=1807,4078,4461,1556,4142,4189,4606,3951,1761,2265,3838,2482,3474,2711,2439,767,4547,1196,1472,2270,2282,1788,2008,1454 --verify=host
mxfp4_moe --bm_name=bm_src0 --topk=1 --hidden_size=1280 --new_hidden_size=3584 --m_per_expert=8328,6955,3032,3698,6056,3169,4002,9541,8348,8713,5784,2487,7907,2980,2317,5644,2422,8307,2230,6426,4831,5905,6774,5232 --verify=host
fp8_tensor_moe --bm_name=bm_src0 --topk=1 --hidden_size=1280 --new_hidden_size=3584 --m_per_expert=260,182,269,255,76,280,69,93,270,142,166,155,240,199,221,208,131,126,290,86,290,176,140,63,257,108,68,268,105,55,60,149,97,167,284,107,118,263,260,123,53,262,225,216,285,216,194,229,54,254,54,268,101,240,285,231,91,180,243,172,54,148,228,227,78,65,214,98,119,240,91,145,188,137,54,207,196,47,114,259,251,169,172,230,274,70,242,62,228,171,109,224,222,130,96,128 --verify=host
mxfp8_e4m3_moe --bm_name=bm_src0 --topk=1 --hidden_size=1280 --new_hidden_size=3584 --m_per_expert=107,86,145,260,304,76,193,264,155,105,250,155,251,220,50,192,300,63,58,133,57,109,142,192,146,219,204,50,204,267,136,46,253,198,293,120,200,111,242,212,234,198,245,246,147,175,90,295,82,186,134,121,250,71,122,55,298,245,153,72,269,228,250,298,193,65,218,186,162,250,128,52,98,81,277,129,133,205,238,55,300,143,190,256,161,297,56,68,77,128,159,283,98,127,185,186 --verify=host
mxfp4_moe --bm_name=bm_src0 --topk=1 --hidden_size=1280 --new_hidden_size=3584 --m_per_expert=73,255,229,123,87,201,44,106,157,158,129,258,194,156,202,225,271,276,72,180,232,191,228,92,195,244,221,231,106,125,176,157,86,186,208,93,228,120,200,237,266,152,258,264,263,280,105,101,209,82,260,160,183,190,95,174,128,162,141,49,250,241,247,252,117,142,82,260,113,174,100,269,164,167,81,190,248,224,111,237,78,51,141,169,87,201,208,141,211,191,204,118,147,112,106,108 --verify=host
fp8_tensor_moe --bm_name=bm_src0 --topk=1 --hidden_size=1280 --new_hidden_size=3584 --m_per_expert=457,244,181,621,329,561,535,149,284,135,727,698,625,738,552,118,422,425,426,256,742,356,733,425,551,311,375,715,332,260,432,281,590,294,562,668,133,579,665,387,752,260,269,309,320,442,347,374,469,192,714,404,450,333,624,128,420,610,131,185,304,133,292,333,755,402,395,640,175,260,748,392,222,328,652,243,480,375,323,574,487,670,358,178,451,745,757,158,309,613,159,697,434,468,139,613,646,705,713,301,328,354,739,175,636,250,529,216,120,498,219,608,468,213,188,705,667,211,432,176,478,613,709,658,279,406,492,139,362,221,517,221,402,185,310,313,571,559,172,681,440,479,174,325,649,686,720,342,352,755,169,250,440,155,530,442,261,753,575,480,464,704,200,745,358,527,721,504,178,387,257,677,690,712,271,394,344,433,201,455,411,654,756,132,166,424,392,123,595,221,447,210 --verify=host
mxfp8_e4m3_moe --bm_name=bm_src0 --topk=1 --hidden_size=1280 --new_hidden_size=3584 --m_per_expert=207,622,670,114,366,481,419,314,220,715,330,579,661,363,130,191,240,643,300,554,268,630,583,429,197,249,440,305,422,711,334,441,362,524,673,721,386,454,201,398,453,177,391,523,373,531,206,181,221,352,301,312,373,623,609,349,683,570,444,653,152,451,712,534,554,303,320,701,249,641,384,398,216,161,265,607,266,205,477,311,702,518,252,529,505,259,639,542,667,603,633,668,164,665,526,571,506,263,658,604,231,213,370,228,364,657,627,510,142,363,415,680,164,154,544,612,684,241,543,551,714,299,510,723,631,711,499,288,667,329,434,188,500,198,152,503,711,128,263,486,296,198,134,116,577,408,229,603,566,345,304,372,246,216,661,634,698,277,158,535,382,528,184,222,246,718,405,583,656,391,730,176,713,428,118,554,442,480,145,704,340,430,622,310,344,317,491,370,680,241,416,265 --verify=host
mxfp4_moe --bm_name=bm_src0 --topk=1 --hidden_size=1280 --new_hidden_size=3584 --m_per_expert=256,241,367,533,161,125,280,550,601,338,555,542,282,570,666,552,538,297,659,530,208,606,449,681,276,111,213,655,217,324,207,639,553,361,444,521,315,473,186,157,423,266,658,498,471,419,401,653,499,467,229,652,508,615,280,463,573,184,542,202,403,577,658,486,208,474,293,164,443,358,393,607,346,607,399,344,331,573,599,470,304,555,321,397,285,226,526,390,247,293,471,208,248,539,701,147,497,146,283,222,575,339,688,375,724,389,630,646,378,484,716,507,518,172,431,706,189,325,591,146,282,178,148,141,109,197,490,352,693,213,325,521,632,308,512,389,455,137,593,530,310,208,294,306,547,684,541,229,537,699,336,466,545,547,694,282,589,283,470,538,333,205,579,138,549,277,422,509,498,360,636,449,265,715,307,343,574,640,682,635,508,265,659,652,639,515,254,600,625,380,285,666 --verify=host
fp8_tensor_moe --bm_name=bm_src0 --topk=1 --hidden_size=3584 --new_hidden_size=2560 --m_per_expert=983,622,1199,338,1062,1093,814,1048,524,239,1135,480,831,246,304,1112,885,473,895,200,535,522,268,584 --verify=host
fp8_tensor_moe --bm_name=bm_src0 --topk=1 --hidden_size=3584 --new_hidden_size=2560 --m_per_expert=2169,1503,2092,542,427,1190,1718,862,1426,1881,2341,1359,1049,677,632,1387,600,2291,2398,2524,1116,410,1193,997 --verify=host
fp8_tensor_moe --bm_name=bm_src0 --topk=1 --hidden_size=3584 --new_hidden_size=2560 --m_per_expert=3190,2572,1128,4107,1004,3070,1532,2718,1534,3670,1438,4230,3442,910,3953,4462,1303,1459,2239,2104,3827,1642,2569,3337 --verify=host
fp8_tensor_moe --bm_name=bm_src0 --topk=1 --hidden_size=3584 --new_hidden_size=2560 --m_per_expert=4609,3616,1247,4791,2653,859,1717,1740,1072,2017,4791,2602,5062,4369,1174,1231,1482,1667,4694,4846,3871,1143,3233,1058 --verify=host
fp8_tensor_moe --bm_name=bm_src0 --topk=1 --hidden_size=3584 --new_hidden_size=2560 --m_per_expert=5796,5195,7095,7732,7586,4788,3128,4236,4143,3975,9402,3022,5915,5659,1793,1600,6752,4224,5636,8987,9407,7992,5585,1440 --verify=host
mxfp8_e4m3_moe --bm_name=bm_src0 --topk=1 --hidden_size=3584 --new_hidden_size=2560 --m_per_expert=897,803,993,556,572,819,1047,188,438,353,827,926,594,942,681,930,307,621,1153,495,1070,228,296,656 --verify=host
mxfp8_e4m3_moe --bm_name=bm_src0 --topk=1 --hidden_size=3584 --new_hidden_size=2560 --m_per_expert=972,1576,1694,1427,2112,1949,1937,1913,1408,558,2099,1358,928,567,2107,1673,828,1051,1585,541,2073,366,689,1373 --verify=host
mxfp8_e4m3_moe --bm_name=bm_src0 --topk=1 --hidden_size=3584 --new_hidden_size=2560 --m_per_expert=2932,3436,2134,2624,988,1383,4654,1737,4113,2648,1792,4109,4339,976,2475,4870,2618,1811,1321,2136,1412,4819,797,1316 --verify=host
mxfp8_e4m3_moe --bm_name=bm_src0 --topk=1 --hidden_size=3584 --new_hidden_size=2560 --m_per_expert=3328,2492,2956,1007,4190,3904,2178,1790,1977,912,2851,1459,843,3189,2362,1226,4917,2057,2739,4906,4521,4858,2115,2767 --verify=host
mxfp8_e4m3_moe --bm_name=bm_src0 --topk=1 --hidden_size=3584 --new_hidden_size=2560 --m_per_expert=4048,4362,1328,7047,6518,6646,5740,7888,6371,7931,2836,4853,7913,6879,3298,3013,1561,6806,7502,7183,6887,6433,3645,4400 --verify=host
mxfp4_moe --bm_name=bm_src0 --topk=1 --hidden_size=3584 --new_hidden_size=2560 --m_per_expert=819,417,1010,838,561,523,731,450,931,412,592,1068,637,839,283,361,1005,953,654,856,574,265,894,719 --verify=host
mxfp4_moe --bm_name=bm_src0 --topk=1 --hidden_size=3584 --new_hidden_size=2560 --m_per_expert=2340,1701,1022,801,1327,1214,2589,493,1337,929,2560,777,754,1504,1261,671,1273,1797,674,1076,1229,2378,745,2332 --verify=host
mxfp4_moe --bm_name=bm_src0 --topk=1 --hidden_size=3584 --new_hidden_size=2560 --m_per_expert=2650,3493,3952,3520,1164,2274,1518,3177,793,2341,1307,2455,3572,3909,2413,1002,3626,2668,4161,3307,3092,2464,1334,1248 --verify=host
mxfp4_moe --bm_name=bm_src0 --topk=1 --hidden_size=3584 --new_hidden_size=2560 --m_per_expert=2372,2308,3638,1043,4770,2897,1600,2249,3142,1664,2230,3460,1498,1609,2053,4114,4042,4166,3666,2614,4017,2547,1256,2589 --verify=host
mxfp4_moe --bm_name=bm_src0 --topk=1 --hidden_size=3584 --new_hidden_size=2560 --m_per_expert=4331,4045,3951,7486,2780,5374,6727,1967,4019,6865,8391,4526,1845,6630,2932,2102,8471,8554,8829,6146,5717,8840,6291,4269 --verify=host
fp8_tensor_moe --bm_name=bm_src0 --topk=1 --hidden_size=3584 --new_hidden_size=2560 --m_per_expert=818,1009,1064,575,448,486,1185,994,226,653,1003,214,218,1022,380,759,966,866,408,353,751,639,913,417,415,1020,736,499,260,932,1086,682,621,629,594,357,755,444,813,788,963,432,579,744,1156,475,678,759 --verify=host
mxfp8_e4m3_moe --bm_name=bm_src0 --topk=1 --hidden_size=3584 --new_hidden_size=2560 --m_per_expert=423,1141,693,420,303,338,1042,858,1119,647,975,605,391,1073,286,229,298,203,484,555,943,772,1095,574,382,666,930,809,961,1089,601,1157,626,355,371,294,756,1146,290,247,766,1096,1092,626,941,1145,188,783 --verify=host
mxfp4_moe --bm_name=bm_src0 --topk=1 --hidden_size=3584 --new_hidden_size=2560 --m_per_expert=1091,189,525,1166,881,522,659,745,453,346,342,545,645,1161,521,568,826,330,1173,190,1000,528,651,857,305,1167,480,1089,334,675,221,1034,282,1169,1170,806,727,1094,372,543,930,950,876,328,651,1018,307,342 --verify=host
fp8_tensor_moe --bm_name=bm_src0 --topk=1 --hidden_size=3584 --new_hidden_size=2560 --m_per_expert=122,140,260,46,185,273,216,212,128,264,176,117,264,136,243,249,97,55,222,135,90,118,166,227,226,216,158,59,234,74,221,273,144,285,272,112,282,244,127,220,179,241,131,218,193,245,112,283,119,144,67,171,61,136,48,227,198,280,110,192,256,72,97,185,258,119,54,249,271,190,61,236,59,165,137,247,234,70,178,64,166,243,163,96,216,185,183,67,145,58,211,283,112,192,53,198 --verify=host
mxfp8_e4m3_moe --bm_name=bm_src0 --topk=1 --hidden_size=3584 --new_hidden_size=2560 --m_per_expert=101,53,270,135,206,266,216,52,167,209,223,255,96,113,71,228,107,168,132,242,174,67,204,275,214,65,229,195,118,131,168,186,139,174,61,108,160,115,190,252,64,272,48,67,236,151,108,151,102,110,252,163,226,172,159,188,228,91,253,287,114,252,171,219,298,165,195,130,156,156,72,243,292,194,85,274,218,92,120,162,241,132,101,69,192,106,77,302,273,226,127,288,223,264,57,267 --verify=host
mxfp4_moe --bm_name=bm_src0 --topk=1 --hidden_size=3584 --new_hidden_size=2560 --m_per_expert=222,170,99,208,172,298,272,216,65,102,93,280,267,194,152,226,104,71,127,181,216,258,77,71,116,105,262,133,298,68,102,79,93,177,90,199,176,229,207,181,56,235,104,49,61,98,213,222,106,182,161,212,182,263,211,175,199,182,253,268,293,94,160,115,281,158,112,121,128,61,158,277,277,252,81,61,217,72,270,250,91,150,91,287,72,249,273,144,277,222,137,177,199,91,202,228 --verify=host
fp8_tensor_moe --bm_name=bm_src0 --topk=1 --hidden_size=3584 --new_hidden_size=2560 --m_per_expert=277,664,335,190,200,702,656,466,678,591,445,663,198,272,660,614,254,247,707,730,505,362,669,611,465,458,629,268,157,210,708,410,224,247,272,270,480,326,676,156,733,141,524,640,410,591,426,580,200,548,136,121,498,372,416,342,589,722,152,545,196,533,110,117,503,606,309,712,261,734,211,714,291,466,507,655,422,593,110,188,572,275,323,145,721,670,371,214,130,704,508,195,559,355,474,305,713,421,508,555,566,549,324,284,153,682,692,393,452,386,321,495,188,195,381,576,383,390,704,632,317,519,734,661,587,307,588,202,159,420,644,494,551,351,468,502,307,674,128,123,141,147,191,337,358,599,677,199,363,733,291,641,323,610,555,371,295,315,541,572,234,324,481,491,582,650,321,392,633,560,235,151,287,466,185,488,192,114,412,307,373,193,670,364,736,311,307,623,639,349,313,566 --verify=host
mxfp8_e4m3_moe --bm_name=bm_src0 --topk=1 --hidden_size=3584 --new_hidden_size=2560 --m_per_expert=452,177,538,228,504,672,170,153,432,583,270,428,734,706,337,559,182,319,365,165,529,444,268,213,277,738,221,633,589,728,576,593,195,536,535,194,449,242,245,674,139,289,293,396,584,167,210,128,196,380,456,289,230,522,313,665,468,433,174,280,333,142,567,469,644,511,446,503,726,616,430,662,178,247,720,609,693,725,664,162,353,314,434,251,508,439,168,257,501,441,207,698,615,288,694,302,584,150,134,395,475,477,280,614,582,484,131,491,370,696,753,120,160,189,218,593,116,715,241,752,458,747,685,643,530,140,544,280,587,485,191,168,586,151,684,283,232,596,463,658,129,506,604,430,295,158,607,645,358,577,582,749,180,677,428,579,324,474,160,699,672,586,401,274,348,388,588,131,195,594,489,564,149,158,404,137,454,155,415,455,409,704,256,266,723,500,513,704,389,739,709,541 --verify=host
mxfp4_moe --bm_name=bm_src0 --topk=1 --hidden_size=3584 --new_hidden_size=2560 --m_per_expert=657,598,365,362,208,379,700,493,244,392,230,159,323,558,586,435,310,230,461,239,664,510,300,476,255,192,578,154,462,515,708,248,385,374,503,583,623,424,630,138,604,302,208,338,655,670,260,147,551,118,444,119,491,627,584,445,548,542,549,619,661,423,319,387,715,421,203,419,557,191,425,615,681,191,164,406,624,664,186,338,394,151,118,624,547,179,603,227,634,319,230,718,715,225,516,155,635,601,284,589,468,235,619,697,230,523,123,695,526,610,559,644,342,286,324,360,452,114,500,181,537,694,583,606,176,432,370,523,229,615,179,312,305,465,252,162,434,479,156,504,357,189,696,647,270,562,337,663,230,649,661,531,241,714,207,486,601,319,331,353,617,228,136,675,440,476,168,650,537,397,482,434,596,111,496,116,387,676,214,551,422,581,670,591,290,640,550,467,159,306,166,684 --verify=host
bf16_moe --bm_name=bm_src1 --topk=1 --hidden_size=4096 --new_hidden_size=3072 --m_per_expert=33,16,30,16,41,39,38,10,19,25,31,21,19,32,11,27,8,13,21,41,42,8,30,10,30,18,19,35,29,9,41,6 --verify=host
bf16_moe --bm_name=bm_src1 --topk=1 --hidden_size=4096 --new_hidden_size=3072 --m_per_expert=16,22,75,79,68,24,49,64,47,78,89,71,47,93,59,18,48,57,69,38,93,57,55,73,80,64,21,68,23,24,79,44 --verify=host
bf16_moe --bm_name=bm_src1 --topk=1 --hidden_size=4096 --new_hidden_size=3072 --m_per_expert=40,87,39,108,93,56,43,81,69,64,61,84,93,18,106,103,30,52,104,45,76,48,85,39,96,20,75,57,37,47,63,29 --verify=host
bf16_moe --bm_name=bm_src1 --topk=1 --hidden_size=4096 --new_hidden_size=3072 --m_per_expert=163,93,100,169,109,156,158,152,131,129,84,117,51,176,127,150,62,37,60,79,162,96,37,144,32,140,112,82,132,57,143,144 --verify=host
bf16_moe --bm_name=bm_src1 --topk=1 --hidden_size=4096 --new_hidden_size=3072 --m_per_expert=236,86,381,231,225,286,283,193,161,310,326,101,333,274,250,120,200,212,209,306,330,89,71,125,349,289,414,384,403,339,360,316 --verify=host
bf16_moe --bm_name=bm_src1 --topk=1 --hidden_size=4096 --new_hidden_size=3072 --m_per_expert=97,193,502,226,173,549,89,542,466,385,168,444,521,441,295,175,125,443,514,133,499,117,151,512,164,395,505,120,321,462,127,386 --verify=host
bf16_moe --bm_name=bm_src1 --topk=1 --hidden_size=4096 --new_hidden_size=3072 --m_per_expert=965,394,646,431,340,437,993,610,373,896,370,265,890,982,1119,625,249,1101,446,964,1092,201,485,396,632,938,892,631,189,403,436,1089 --verify=host
bf16_moe --bm_name=bm_src1 --topk=1 --hidden_size=4096 --new_hidden_size=3072 --m_per_expert=1459,754,1900,1486,2048,3071,2008,3001,959,1998,2722,3553,811,3080,1743,2542,1644,2585,2825,1782,1881,1463,2626,3349,3547,991,1874,2379,742,2354,1515,844 --verify=host
