# MoE BALANCED router M-per-expert -- CRI / Xe3p.
# Derived from benchmark_full_moe.in: same (dtype,N,K) shapes and total token
# budget, but dynamic-M per-expert token counts from a balanced distribution
# (--m_per_expert=<csv>; num_experts follows the csv length).
#
fp8_tensor_moe --bm_name=bm_src0 --topk=1 --hidden_size=1280 --new_hidden_size=3584 --m_per_expert=706,691,711,658,677,656,674,706,651,716,670,669,656,702,689,678,682,716,708,685,652,710,657,672 --verify=true
fp8_tensor_moe --bm_name=bm_src0 --topk=1 --hidden_size=1280 --new_hidden_size=3584 --m_per_expert=1326,1336,1434,1418,1384,1345,1434,1331,1424,1335,1368,1398,1319,1322,1343,1314,1434,1305,1399,1436,1327,1334,1321,1397 --verify=true
fp8_tensor_moe --bm_name=bm_src0 --topk=1 --hidden_size=1280 --new_hidden_size=3584 --m_per_expert=2641,2566,2562,2495,2547,2645,2531,2611,2599,2541,2541,2585,2461,2425,2483,2552,2640,2526,2573,2557,2648,2576,2467,2668 --verify=true
fp8_tensor_moe --bm_name=bm_src0 --topk=1 --hidden_size=1280 --new_hidden_size=3584 --m_per_expert=2682,2716,2716,2879,2620,2858,2678,2769,2659,2629,2877,2624,2702,2616,2761,2626,2767,2821,2639,2683,2780,2833,2751,2858 --verify=true
fp8_tensor_moe --bm_name=bm_src0 --topk=1 --hidden_size=1280 --new_hidden_size=3584 --m_per_expert=5707,5482,5593,5714,5388,5406,5303,5389,5476,5455,5486,5488,5463,5458,5222,5340,5633,5468,5502,5469,5302,5447,5367,5530 --verify=true
mxfp8_e4m3_moe --bm_name=bm_src0 --topk=1 --hidden_size=1280 --new_hidden_size=3584 --m_per_expert=685,690,670,714,714,697,669,655,678,667,705,671,699,679,697,708,690,652,687,653,673,705,684,650 --verify=true
mxfp8_e4m3_moe --bm_name=bm_src0 --topk=1 --hidden_size=1280 --new_hidden_size=3584 --m_per_expert=1394,1339,1395,1320,1435,1348,1318,1418,1386,1327,1325,1421,1327,1407,1326,1409,1359,1380,1396,1380,1316,1368,1315,1375 --verify=true
mxfp8_e4m3_moe --bm_name=bm_src0 --topk=1 --hidden_size=1280 --new_hidden_size=3584 --m_per_expert=2629,2535,2513,2624,2676,2540,2566,2446,2440,2658,2438,2430,2639,2640,2452,2516,2569,2614,2591,2680,2598,2488,2620,2538 --verify=true
mxfp8_e4m3_moe --bm_name=bm_src0 --topk=1 --hidden_size=1280 --new_hidden_size=3584 --m_per_expert=2722,2837,2673,2805,2601,2762,2664,2616,2843,2663,2758,2707,2707,2712,2815,2828,2800,2829,2620,2778,2603,2821,2656,2724 --verify=true
mxfp8_e4m3_moe --bm_name=bm_src0 --topk=1 --hidden_size=1280 --new_hidden_size=3584 --m_per_expert=5403,5488,5545,5539,5425,5372,5602,5478,5295,5689,5316,5577,5662,5619,5545,5599,5326,5579,5197,5252,5444,5674,5234,5228 --verify=true
mxfp4_moe --bm_name=bm_src0 --topk=1 --hidden_size=1280 --new_hidden_size=3584 --m_per_expert=675,650,717,650,691,652,667,684,659,701,713,715,713,699,718,679,677,666,666,689,717,679,654,661 --verify=true
mxfp4_moe --bm_name=bm_src0 --topk=1 --hidden_size=1280 --new_hidden_size=3584 --m_per_expert=1435,1375,1334,1419,1334,1341,1349,1331,1334,1364,1419,1314,1420,1422,1339,1386,1418,1385,1344,1333,1385,1362,1312,1329 --verify=true
mxfp4_moe --bm_name=bm_src0 --topk=1 --hidden_size=1280 --new_hidden_size=3584 --m_per_expert=2475,2627,2638,2603,2545,2662,2667,2445,2535,2439,2622,2543,2622,2435,2558,2510,2561,2622,2524,2612,2445,2654,2524,2572 --verify=true
mxfp4_moe --bm_name=bm_src0 --topk=1 --hidden_size=1280 --new_hidden_size=3584 --m_per_expert=2754,2653,2809,2709,2732,2642,2677,2759,2871,2664,2853,2862,2718,2689,2685,2722,2742,2658,2764,2676,2802,2614,2631,2858 --verify=true
mxfp4_moe --bm_name=bm_src0 --topk=1 --hidden_size=1280 --new_hidden_size=3584 --m_per_expert=5689,5279,5281,5508,5570,5548,5262,5502,5472,5412,5615,5221,5239,5507,5316,5447,5324,5647,5586,5570,5715,5482,5637,5259 --verify=true
fp8_tensor_moe --bm_name=bm_src0 --topk=1 --hidden_size=1280 --new_hidden_size=3584 --m_per_expert=174,176,165,176,176,173,179,174,170,162,166,172,176,175,164,162,166,173,175,174,168,167,169,179,178,174,176,176,167,168,174,163,177,178,167,179,176,174,178,168,166,165,164,163,166,162,179,170,172,165,177,169,162,176,168,166,173,173,178,167,168,161,174,172,178,162,176,179,168,176,169,168,167,167,164,173,178,164,164,167,177,172,179,171,164,179,179,168,176,171,164,173,175,175,162,171 --verify=true
mxfp8_e4m3_moe --bm_name=bm_src0 --topk=1 --hidden_size=1280 --new_hidden_size=3584 --m_per_expert=169,172,170,177,176,179,163,170,177,171,176,179,177,173,167,165,169,177,171,171,177,174,175,162,163,179,176,169,169,173,173,170,170,176,167,174,177,173,163,163,177,174,162,169,175,179,163,163,170,165,176,174,179,168,178,167,168,166,173,175,171,164,170,170,177,171,173,176,164,175,167,164,179,167,162,173,165,165,168,176,163,162,179,170,175,176,163,168,177,175,169,164,179,170,163,173 --verify=true
mxfp4_moe --bm_name=bm_src0 --topk=1 --hidden_size=1280 --new_hidden_size=3584 --m_per_expert=168,174,165,173,165,174,178,175,163,166,178,167,176,178,176,167,174,163,169,166,163,163,179,167,179,179,177,172,179,169,166,165,180,180,164,171,164,175,173,177,163,169,162,173,166,164,164,179,168,169,173,176,175,163,179,173,170,166,167,167,175,178,168,180,175,167,176,167,174,175,165,168,164,175,180,167,170,166,170,168,165,170,172,173,179,165,167,173,178,167,175,175,168,164,175,179 --verify=true
fp8_tensor_moe --bm_name=bm_src0 --topk=1 --hidden_size=1280 --new_hidden_size=3584 --m_per_expert=440,414,423,441,441,412,419,407,424,404,411,434,441,412,445,444,436,424,438,433,440,423,446,406,442,442,424,434,425,419,434,419,434,422,434,442,444,418,418,407,405,404,446,406,409,431,439,428,445,408,445,422,442,407,446,410,433,427,411,429,419,443,422,421,427,423,410,415,423,425,431,438,433,445,444,440,425,442,419,444,447,411,408,439,441,406,419,440,409,413,416,421,441,427,444,411,406,439,421,410,409,411,421,408,406,412,425,430,430,446,443,425,431,432,442,431,408,424,409,409,444,440,418,435,410,431,439,418,411,431,434,441,429,440,444,425,411,428,425,432,415,415,430,421,431,406,446,411,435,435,421,413,441,417,435,438,409,408,435,425,418,434,441,426,435,421,429,446,434,441,438,444,445,442,444,407,420,442,424,436,418,425,409,445,430,414,432,431,435,419,438,429 --verify=true
mxfp8_e4m3_moe --bm_name=bm_src0 --topk=1 --hidden_size=1280 --new_hidden_size=3584 --m_per_expert=417,442,429,422,413,408,447,433,414,407,410,421,445,423,421,423,412,418,428,427,447,431,442,431,446,435,424,418,448,427,422,447,441,431,417,419,432,428,426,416,406,407,443,442,430,408,430,430,443,436,415,415,447,427,434,407,416,425,431,431,423,446,446,448,419,436,411,414,436,438,448,434,436,417,413,422,420,432,418,409,436,439,432,422,422,438,421,420,416,427,443,439,447,433,413,422,422,407,434,408,447,445,447,422,432,412,435,432,423,422,406,445,412,438,415,407,418,446,427,441,423,436,406,419,422,416,415,437,436,408,409,414,436,436,432,425,417,434,438,424,437,449,433,437,449,422,410,428,439,444,441,436,407,446,427,444,415,413,428,430,419,435,408,434,425,424,440,445,416,409,413,434,424,429,410,442,443,413,413,412,450,423,437,417,414,411,412,429,430,409,447,409 --verify=true
mxfp4_moe --bm_name=bm_src0 --topk=1 --hidden_size=1280 --new_hidden_size=3584 --m_per_expert=406,443,420,443,409,436,447,446,446,416,430,421,420,439,409,419,423,448,435,421,432,448,419,443,421,421,429,417,415,434,449,421,407,407,419,407,410,414,427,425,443,448,447,447,439,447,415,423,440,415,417,435,437,446,449,445,413,431,431,424,432,437,429,427,437,448,434,422,423,417,422,412,450,431,439,428,444,409,415,424,432,422,416,429,419,425,433,446,423,413,416,416,412,420,409,424,422,430,408,447,407,436,413,415,445,406,424,442,406,436,442,406,442,421,410,421,412,425,406,410,409,443,414,419,425,442,408,443,418,435,445,436,414,424,447,431,438,433,429,441,411,412,430,437,441,411,439,422,410,415,433,415,407,430,408,438,442,417,438,433,448,427,429,408,435,440,428,442,438,416,427,428,449,449,443,423,417,432,420,421,419,427,416,444,415,429,409,413,443,429,409,427 --verify=true
fp8_tensor_moe --bm_name=bm_src0 --topk=1 --hidden_size=3584 --new_hidden_size=2560 --m_per_expert=690,712,670,649,656,707,667,695,692,703,681,655,662,704,698,717,705,670,651,679,667,697,666,699 --verify=true
fp8_tensor_moe --bm_name=bm_src0 --topk=1 --hidden_size=3584 --new_hidden_size=2560 --m_per_expert=1361,1407,1303,1328,1311,1363,1384,1412,1328,1378,1310,1320,1324,1438,1432,1420,1400,1383,1330,1429,1386,1380,1312,1345 --verify=true
fp8_tensor_moe --bm_name=bm_src0 --topk=1 --hidden_size=3584 --new_hidden_size=2560 --m_per_expert=2624,2414,2521,2463,2662,2486,2625,2551,2516,2656,2557,2550,2436,2586,2614,2509,2662,2634,2491,2498,2621,2565,2624,2575 --verify=true
fp8_tensor_moe --bm_name=bm_src0 --topk=1 --hidden_size=3584 --new_hidden_size=2560 --m_per_expert=2656,2695,2693,2696,2832,2739,2753,2627,2880,2636,2720,2765,2778,2633,2786,2695,2640,2807,2717,2764,2772,2790,2664,2806 --verify=true
fp8_tensor_moe --bm_name=bm_src0 --topk=1 --hidden_size=3584 --new_hidden_size=2560 --m_per_expert=5492,5240,5306,5474,5382,5373,5376,5437,5584,5546,5516,5644,5415,5574,5382,5565,5272,5572,5379,5754,5308,5733,5236,5528 --verify=true
mxfp8_e4m3_moe --bm_name=bm_src0 --topk=1 --hidden_size=3584 --new_hidden_size=2560 --m_per_expert=690,703,671,696,657,688,651,704,702,706,708,650,664,717,672,686,711,660,662,669,695,672,680,678 --verify=true
mxfp8_e4m3_moe --bm_name=bm_src0 --topk=1 --hidden_size=3584 --new_hidden_size=2560 --m_per_expert=1428,1373,1369,1319,1387,1317,1419,1402,1299,1352,1364,1343,1430,1307,1328,1332,1306,1393,1396,1407,1430,1346,1383,1354 --verify=true
mxfp8_e4m3_moe --bm_name=bm_src0 --topk=1 --hidden_size=3584 --new_hidden_size=2560 --m_per_expert=2516,2599,2657,2718,2523,2698,2492,2467,2614,2522,2615,2623,2507,2471,2607,2539,2545,2592,2579,2481,2538,2506,2476,2555 --verify=true
mxfp8_e4m3_moe --bm_name=bm_src0 --topk=1 --hidden_size=3584 --new_hidden_size=2560 --m_per_expert=2634,2613,2759,2852,2685,2712,2711,2785,2636,2768,2636,2674,2839,2738,2854,2657,2709,2660,2639,2804,2848,2770,2870,2691 --verify=true
mxfp8_e4m3_moe --bm_name=bm_src0 --topk=1 --hidden_size=3584 --new_hidden_size=2560 --m_per_expert=5443,5264,5308,5505,5236,5735,5227,5336,5657,5673,5333,5398,5217,5339,5518,5639,5712,5282,5379,5686,5467,5710,5741,5283 --verify=true
mxfp4_moe --bm_name=bm_src0 --topk=1 --hidden_size=3584 --new_hidden_size=2560 --m_per_expert=700,648,670,680,707,677,709,660,701,691,691,677,706,711,648,702,695,713,676,671,664,657,651,687 --verify=true
mxfp4_moe --bm_name=bm_src0 --topk=1 --hidden_size=3584 --new_hidden_size=2560 --m_per_expert=1377,1335,1302,1376,1419,1337,1317,1405,1330,1356,1301,1382,1389,1422,1385,1328,1421,1417,1408,1329,1325,1386,1396,1341 --verify=true
mxfp4_moe --bm_name=bm_src0 --topk=1 --hidden_size=3584 --new_hidden_size=2560 --m_per_expert=2463,2613,2667,2523,2654,2637,2555,2515,2598,2510,2660,2454,2588,2484,2547,2647,2652,2615,2593,2489,2540,2486,2469,2481 --verify=true
mxfp4_moe --bm_name=bm_src0 --topk=1 --hidden_size=3584 --new_hidden_size=2560 --m_per_expert=2664,2847,2872,2621,2809,2713,2668,2717,2838,2727,2820,2751,2722,2691,2652,2647,2864,2765,2702,2667,2656,2636,2696,2799 --verify=true
mxfp4_moe --bm_name=bm_src0 --topk=1 --hidden_size=3584 --new_hidden_size=2560 --m_per_expert=5337,5290,5374,5550,5500,5500,5292,5268,5204,5710,5244,5542,5732,5720,5352,5301,5379,5418,5666,5714,5213,5749,5619,5414 --verify=true
fp8_tensor_moe --bm_name=bm_src0 --topk=1 --hidden_size=3584 --new_hidden_size=2560 --m_per_expert=665,707,704,661,671,679,669,683,665,710,697,702,710,661,679,663,699,655,704,696,693,657,647,700,654,689,714,656,697,647,647,663,684,655,711,678,666,704,711,714,716,694,669,670,715,659,695,699 --verify=true
mxfp8_e4m3_moe --bm_name=bm_src0 --topk=1 --hidden_size=3584 --new_hidden_size=2560 --m_per_expert=684,701,694,713,648,716,688,694,667,660,703,682,696,691,690,696,672,671,682,703,661,679,650,663,714,655,698,715,707,715,670,698,681,651,649,697,689,695,679,710,661,708,649,653,650,682,651,703 --verify=true
mxfp4_moe --bm_name=bm_src0 --topk=1 --hidden_size=3584 --new_hidden_size=2560 --m_per_expert=650,657,697,674,687,709,657,661,671,707,648,705,714,695,709,691,716,652,696,686,705,663,717,653,664,669,659,714,654,702,686,711,693,650,693,691,657,668,677,664,664,712,699,678,683,709,686,681 --verify=true
fp8_tensor_moe --bm_name=bm_src0 --topk=1 --hidden_size=3584 --new_hidden_size=2560 --m_per_expert=163,179,173,179,163,169,168,172,173,166,166,168,168,178,162,175,176,170,163,178,169,168,175,178,174,170,173,176,167,174,166,163,162,169,168,175,167,172,178,168,172,178,170,174,179,170,178,173,174,174,166,175,172,173,163,162,177,173,174,164,166,177,162,166,167,175,168,179,174,174,172,178,172,170,174,163,176,164,176,168,166,177,163,166,170,165,168,172,172,164,178,178,179,174,176,165 --verify=true
mxfp8_e4m3_moe --bm_name=bm_src0 --topk=1 --hidden_size=3584 --new_hidden_size=2560 --m_per_expert=163,175,174,174,171,165,169,163,175,170,174,168,176,174,167,174,170,171,167,166,179,163,175,176,178,170,169,169,177,175,178,180,169,179,175,176,166,178,175,175,163,176,164,175,166,164,166,170,171,169,169,165,174,177,173,177,180,179,174,175,165,162,166,164,178,173,162,170,171,175,170,169,175,180,179,166,169,162,169,173,169,169,179,165,162,174,163,164,177,163,174,174,162,175,163,170 --verify=true
mxfp4_moe --bm_name=bm_src0 --topk=1 --hidden_size=3584 --new_hidden_size=2560 --m_per_expert=166,169,164,168,177,174,166,167,174,175,179,164,168,176,178,174,163,175,173,173,164,180,168,175,176,174,172,171,163,166,177,169,168,167,171,176,180,176,176,174,164,168,167,166,177,165,180,163,179,163,164,171,163,177,171,164,174,166,174,166,173,169,172,178,180,166,178,165,176,171,165,173,163,163,164,178,178,168,177,175,177,180,166,163,165,168,163,168,167,170,174,179,174,179,179,164 --verify=true
fp8_tensor_moe --bm_name=bm_src0 --topk=1 --hidden_size=3584 --new_hidden_size=2560 --m_per_expert=417,413,415,415,422,428,416,449,407,419,433,407,429,443,417,409,439,415,416,432,417,423,423,449,438,411,448,440,412,441,416,429,430,407,417,418,410,408,428,448,444,409,437,442,434,444,450,415,418,428,433,416,448,415,408,414,416,410,419,440,426,409,442,447,441,415,407,431,414,448,407,408,445,409,439,440,431,429,442,417,424,407,417,449,410,413,417,407,408,427,432,415,434,438,428,449,417,443,419,432,427,415,417,437,437,432,443,421,431,430,449,428,423,409,450,423,427,448,442,427,407,442,450,442,411,414,446,417,407,443,418,430,409,417,415,409,432,439,445,423,409,408,420,413,427,437,410,450,434,448,436,409,448,439,437,408,449,440,448,440,425,435,447,432,414,435,416,429,444,440,414,408,445,443,411,408,440,407,427,435,421,416,443,444,410,425,442,444,417,439,428,431 --verify=true
mxfp8_e4m3_moe --bm_name=bm_src0 --topk=1 --hidden_size=3584 --new_hidden_size=2560 --m_per_expert=411,415,447,405,420,429,443,448,416,443,414,416,448,415,439,420,405,434,410,427,445,434,441,413,424,430,430,435,434,447,419,442,405,423,442,441,417,441,415,421,424,414,444,429,423,433,406,418,429,419,443,432,434,430,415,422,419,435,433,408,416,411,424,419,435,424,425,432,445,448,431,445,419,430,406,438,418,434,436,427,418,424,420,422,434,441,431,412,444,447,439,413,434,416,444,447,446,431,423,433,433,439,425,428,439,405,418,406,422,448,422,432,408,447,414,445,425,439,447,435,428,428,436,431,444,436,418,438,410,429,416,422,426,445,432,414,435,419,443,412,448,422,409,437,421,429,407,408,423,443,425,419,421,438,418,436,425,435,415,413,413,410,436,430,405,417,411,424,431,418,405,447,446,438,419,415,444,440,411,438,428,408,416,442,414,414,435,429,418,406,441,408 --verify=true
mxfp4_moe --bm_name=bm_src0 --topk=1 --hidden_size=3584 --new_hidden_size=2560 --m_per_expert=419,432,409,413,444,449,444,413,430,440,412,417,428,421,411,433,423,432,412,440,431,418,450,408,423,443,438,448,443,410,425,424,439,416,418,447,413,422,408,419,409,434,413,414,419,437,438,447,415,411,424,448,428,429,412,423,422,421,435,407,435,445,415,410,411,430,423,412,414,408,422,410,425,414,428,423,437,408,414,416,447,430,441,437,432,429,413,435,435,437,436,429,434,432,428,440,412,409,411,442,408,444,416,414,438,418,448,439,425,431,410,446,435,448,431,442,437,413,426,432,420,431,431,429,430,449,408,436,442,437,422,438,445,440,410,408,435,437,419,450,423,445,420,420,426,447,435,449,434,442,442,409,440,431,407,435,443,425,417,433,441,414,425,411,408,419,416,417,446,418,414,432,423,419,429,448,435,423,410,432,437,447,410,411,431,424,432,417,430,412,445,407 --verify=true
bf16_moe --bm_name=bm_src1 --topk=1 --hidden_size=4096 --new_hidden_size=3072 --m_per_expert=25,25,22,22,24,24,26,22,24,23,22,25,26,23,26,23,23,25,25,23,25,25,23,26,23,25,26,23,23,25,23,23 --verify=true
bf16_moe --bm_name=bm_src1 --topk=1 --hidden_size=4096 --new_hidden_size=3072 --m_per_expert=54,54,57,53,53,59,57,58,55,54,57,52,58,58,57,59,59,57,54,59,58,57,53,53,53,59,56,53,55,59,56,56 --verify=true
bf16_moe --bm_name=bm_src1 --topk=1 --hidden_size=4096 --new_hidden_size=3072 --m_per_expert=61,62,64,64,65,67,67,67,64,65,60,64,62,65,65,60,67,61,64,64,66,66,66,63,61,62,62,62,66,66,67,63 --verify=true
bf16_moe --bm_name=bm_src1 --topk=1 --hidden_size=4096 --new_hidden_size=3072 --m_per_expert=114,113,111,107,109,109,111,110,117,107,106,117,118,106,109,111,113,114,114,117,113,113,118,110,110,111,113,115,117,114,108,109 --verify=true
bf16_moe --bm_name=bm_src1 --topk=1 --hidden_size=4096 --new_hidden_size=3072 --m_per_expert=256,257,264,253,249,255,256,268,250,258,249,255,262,258,267,247,260,246,251,254,263,261,251,245,247,263,256,252,261,267,264,247 --verify=true
bf16_moe --bm_name=bm_src1 --topk=1 --hidden_size=4096 --new_hidden_size=3072 --m_per_expert=335,319,322,334,316,331,330,325,332,326,316,330,310,308,319,321,316,311,307,324,304,308,314,320,333,312,304,319,331,310,327,326 --verify=true
bf16_moe --bm_name=bm_src1 --topk=1 --hidden_size=4096 --new_hidden_size=3072 --m_per_expert=668,663,637,630,626,615,618,629,652,656,664,662,621,644,664,621,647,622,623,609,624,653,627,632,653,643,628,666,610,655,655,663 --verify=true
bf16_moe --bm_name=bm_src1 --topk=1 --hidden_size=4096 --new_hidden_size=3072 --m_per_expert=2008,2160,2085,1967,1999,2048,2133,2092,2115,2049,2001,2145,1979,2001,2010,2069,2120,2072,2010,2154,2096,2019,1989,1980,1973,2053,2050,2103,1993,1972,2049,2042 --verify=true
