# MoE SKEWED router M-per-expert -- CRI / Xe3p.
# Derived from benchmark_full_moe.in: same (dtype,N,K) shapes and total token
# budget, but dynamic-M per-expert token counts from a skewed distribution
# (--m_per_expert=<csv>; num_experts follows the csv length).
#
fp8_tensor_moe --bm_name=bm_src0 --topk=1 --hidden_size=1280 --new_hidden_size=3584 --m_per_expert=4011,2456,2249,1557,1175,873,798,773,742,506,362,264,205,162,84,48,35,19,18,17,15,14,6,3 --verify=true
fp8_tensor_moe --bm_name=bm_src0 --topk=1 --hidden_size=1280 --new_hidden_size=3584 --m_per_expert=14418,4497,3801,2761,2207,1115,1013,873,732,312,287,264,141,61,58,57,51,49,46,23,11,4,2,1 --verify=true
fp8_tensor_moe --bm_name=bm_src0 --topk=1 --hidden_size=1280 --new_hidden_size=3584 --m_per_expert=15202,14996,12709,8155,2623,1872,1829,1425,734,336,304,258,213,173,165,146,91,72,58,31,29,17,1,1 --verify=true
fp8_tensor_moe --bm_name=bm_src0 --topk=1 --hidden_size=1280 --new_hidden_size=3584 --m_per_expert=14636,11769,10611,5546,3344,3029,3006,2942,2282,2197,2061,1364,1006,416,326,279,237,156,149,105,69,12,1,1 --verify=true
fp8_tensor_moe --bm_name=bm_src0 --topk=1 --hidden_size=1280 --new_hidden_size=3584 --m_per_expert=43652,23788,18716,13508,6118,4626,4332,3333,2458,1930,1382,1364,1101,945,910,814,597,528,433,175,166,156,49,7 --verify=true
mxfp8_e4m3_moe --bm_name=bm_src0 --topk=1 --hidden_size=1280 --new_hidden_size=3584 --m_per_expert=4558,3088,2246,1168,1154,665,634,528,432,344,337,317,182,173,168,151,120,51,41,12,11,10,1,1 --verify=true
mxfp8_e4m3_moe --bm_name=bm_src0 --topk=1 --hidden_size=1280 --new_hidden_size=3584 --m_per_expert=16165,5685,3236,1981,1657,803,781,746,372,299,230,156,156,128,126,94,60,36,24,19,16,6,6,2 --verify=true
mxfp8_e4m3_moe --bm_name=bm_src0 --topk=1 --hidden_size=1280 --new_hidden_size=3584 --m_per_expert=33944,3717,3369,3337,3088,2457,2146,2007,1450,1432,1070,933,651,576,328,298,240,227,77,69,20,2,1,1 --verify=true
mxfp8_e4m3_moe --bm_name=bm_src0 --topk=1 --hidden_size=1280 --new_hidden_size=3584 --m_per_expert=21474,10445,7309,5729,4422,3977,2859,2516,1307,1156,942,918,654,532,422,302,211,149,87,77,33,19,3,1 --verify=true
mxfp8_e4m3_moe --bm_name=bm_src0 --topk=1 --hidden_size=1280 --new_hidden_size=3584 --m_per_expert=18482,17931,14998,14308,11816,11289,9099,6934,5495,3795,2958,2790,2533,1388,1376,1341,1340,1281,965,478,275,121,55,40 --verify=true
mxfp4_moe --bm_name=bm_src0 --topk=1 --hidden_size=1280 --new_hidden_size=3584 --m_per_expert=5293,2342,1619,1087,924,796,772,767,443,396,368,322,321,241,205,189,126,43,36,29,27,20,19,7 --verify=true
mxfp4_moe --bm_name=bm_src0 --topk=1 --hidden_size=1280 --new_hidden_size=3584 --m_per_expert=14338,2893,2678,2526,2222,2161,892,870,862,780,703,360,356,241,218,189,127,118,114,82,47,4,2,1 --verify=true
mxfp4_moe --bm_name=bm_src0 --topk=1 --hidden_size=1280 --new_hidden_size=3584 --m_per_expert=20410,7318,4848,4796,3828,3720,3637,2851,2150,1685,1561,1360,1047,620,567,308,233,207,134,82,53,17,7,1 --verify=true
mxfp4_moe --bm_name=bm_src0 --topk=1 --hidden_size=1280 --new_hidden_size=3584 --m_per_expert=17833,7380,5580,5283,5268,5123,3595,3295,2959,2490,1458,1070,826,530,517,507,405,379,377,364,145,77,65,18 --verify=true
mxfp4_moe --bm_name=bm_src0 --topk=1 --hidden_size=1280 --new_hidden_size=3584 --m_per_expert=35876,23333,12805,12252,9947,9399,5911,4904,4073,3735,2019,1654,1620,1432,1095,631,241,52,50,29,13,10,6,1 --verify=true
fp8_tensor_moe --bm_name=bm_src0 --topk=1 --hidden_size=1280 --new_hidden_size=3584 --m_per_expert=2202,1395,1356,1348,1179,703,650,617,617,598,449,408,375,350,330,314,278,228,212,142,122,121,119,110,109,108,108,101,100,89,87,86,85,79,76,72,64,61,59,57,56,56,54,53,46,44,41,35,34,34,34,32,32,29,25,24,23,18,17,16,16,14,11,11,10,8,8,8,8,7,6,5,4,4,3,3,3,2,1,1,1,1,1,1,1,1,1,1,1,1,1,1,1,1,1,1 --verify=true
mxfp8_e4m3_moe --bm_name=bm_src0 --topk=1 --hidden_size=1280 --new_hidden_size=3584 --m_per_expert=1681,1102,1030,929,846,728,704,666,630,557,543,519,420,322,293,282,275,266,255,236,224,219,212,208,207,198,188,179,177,161,153,121,119,117,108,99,92,88,85,84,82,80,73,66,61,56,56,53,52,51,46,46,40,36,34,33,33,30,25,19,14,9,9,8,8,7,7,5,5,4,4,4,4,3,3,3,2,2,2,2,1,1,1,1,1,1,1,1,1,1,1,1,1,1,1,1 --verify=true
mxfp4_moe --bm_name=bm_src0 --topk=1 --hidden_size=1280 --new_hidden_size=3584 --m_per_expert=3355,1528,846,793,603,539,491,475,474,446,415,386,385,310,295,273,263,254,234,222,221,192,181,173,165,153,148,146,144,134,132,119,117,109,95,90,86,85,84,79,77,76,74,71,69,61,55,47,45,43,38,38,37,37,37,37,28,27,25,22,22,21,21,16,14,12,12,11,11,11,9,8,8,7,6,6,6,5,4,4,2,2,1,1,1,1,1,1,1,1,1,1,1,1,1,1 --verify=true
fp8_tensor_moe --bm_name=bm_src0 --topk=1 --hidden_size=1280 --new_hidden_size=3584 --m_per_expert=7393,4650,3661,2726,2722,2324,2173,2073,2020,2014,2002,1495,1491,1486,1481,1471,1379,1312,1270,1270,1218,1136,1125,1100,1042,970,938,883,871,870,755,750,741,716,689,683,655,649,633,599,585,574,570,552,530,478,474,472,464,463,453,430,408,403,393,380,353,335,333,326,324,302,292,282,268,267,265,262,253,247,230,226,222,211,207,205,188,173,167,154,152,147,145,140,134,133,131,127,121,111,111,106,104,103,101,92,92,90,88,87,85,82,82,79,75,75,74,72,70,69,68,68,67,66,65,63,61,51,51,48,47,47,47,46,44,40,39,39,37,35,33,32,30,30,30,28,28,27,26,26,24,23,21,20,20,20,19,17,16,15,15,14,14,13,11,10,10,9,9,9,9,9,8,8,8,7,7,7,6,5,5,5,4,4,4,4,2,2,2,2,2,1,1,1,1,1,1,1,1,1,1,1 --verify=true
mxfp8_e4m3_moe --bm_name=bm_src0 --topk=1 --hidden_size=1280 --new_hidden_size=3584 --m_per_expert=5212,4320,3804,3653,2928,2481,2464,2219,2142,2040,1782,1685,1601,1477,1329,1250,1241,1220,1197,1141,1124,1110,1066,1043,1029,1029,998,968,907,902,810,790,788,785,753,719,660,649,576,555,546,545,531,517,511,492,465,460,459,404,391,387,386,384,383,381,368,351,343,333,315,311,310,307,302,298,291,290,285,282,280,264,254,249,241,232,232,231,213,204,180,178,175,165,161,156,155,144,140,138,137,127,126,124,121,117,114,108,105,105,104,96,95,89,88,84,82,76,74,73,72,69,69,68,67,66,65,63,62,59,59,57,55,54,53,51,48,47,45,45,45,39,39,38,37,34,32,32,31,30,30,27,24,23,18,17,17,17,16,14,14,11,9,9,8,8,7,7,6,6,5,4,4,3,3,3,3,2,2,2,1,1,1,1,1,1,1,1,1,1,1,1,1,1,1,1,1,1,1,1,1,1 --verify=true
mxfp4_moe --bm_name=bm_src0 --topk=1 --hidden_size=1280 --new_hidden_size=3584 --m_per_expert=6107,5995,5108,4972,3564,3170,2933,2776,2746,2290,2090,2010,1750,1499,1393,1360,1223,1154,1081,1038,988,955,900,886,879,813,808,804,714,680,655,607,586,542,513,507,494,484,438,431,411,377,364,363,356,338,330,323,322,303,297,295,295,288,270,269,266,266,262,262,262,242,239,236,223,214,197,193,184,174,168,163,158,158,154,154,146,140,139,137,132,121,121,117,113,113,112,106,104,91,91,90,89,87,86,86,86,85,85,84,83,83,82,78,75,73,68,63,61,60,59,56,56,55,52,52,50,47,45,37,37,36,35,35,34,33,33,32,31,29,28,28,25,25,25,24,23,22,22,20,20,19,18,18,16,15,14,13,11,10,9,9,8,8,8,7,7,7,7,6,6,6,6,4,4,4,3,2,2,2,2,1,1,1,1,1,1,1,1,1,1,1,1,1,1,1,1,1,1,1,1,1 --verify=true
fp8_tensor_moe --bm_name=bm_src0 --topk=1 --hidden_size=3584 --new_hidden_size=2560 --m_per_expert=3419,3088,1650,1590,1424,1097,950,727,689,351,277,252,214,184,143,92,88,68,44,23,17,3,1,1 --verify=true
fp8_tensor_moe --bm_name=bm_src0 --topk=1 --hidden_size=3584 --new_hidden_size=2560 --m_per_expert=14726,4212,4187,2541,1244,1005,971,903,517,476,417,369,340,242,226,176,141,28,22,15,12,8,5,1 --verify=true
fp8_tensor_moe --bm_name=bm_src0 --topk=1 --hidden_size=3584 --new_hidden_size=2560 --m_per_expert=15784,7017,6910,5117,5106,4942,4145,3659,2839,1255,1097,943,733,426,383,352,221,195,134,85,39,31,24,3 --verify=true
fp8_tensor_moe --bm_name=bm_src0 --topk=1 --hidden_size=3584 --new_hidden_size=2560 --m_per_expert=23319,19061,8088,3223,2286,1585,1364,1170,1036,711,606,584,520,477,474,347,336,187,94,66,7,1,1,1 --verify=true
fp8_tensor_moe --bm_name=bm_src0 --topk=1 --hidden_size=3584 --new_hidden_size=2560 --m_per_expert=31922,27648,14877,10422,10412,7768,4826,4581,4171,3172,2946,1727,1462,1435,1289,720,492,448,371,292,52,40,14,1 --verify=true
mxfp8_e4m3_moe --bm_name=bm_src0 --topk=1 --hidden_size=3584 --new_hidden_size=2560 --m_per_expert=8394,2085,1935,703,693,507,430,418,284,263,115,105,87,81,70,51,44,41,34,24,18,6,3,1 --verify=true
mxfp8_e4m3_moe --bm_name=bm_src0 --topk=1 --hidden_size=3584 --new_hidden_size=2560 --m_per_expert=6015,5769,5207,3570,2951,1809,1656,1593,1410,760,408,357,343,274,252,183,71,47,38,32,26,11,1,1 --verify=true
mxfp8_e4m3_moe --bm_name=bm_src0 --topk=1 --hidden_size=3584 --new_hidden_size=2560 --m_per_expert=24197,8163,7946,4428,2682,2404,2339,1365,1276,1200,1122,883,748,696,678,484,317,219,125,73,45,32,13,5 --verify=true
mxfp8_e4m3_moe --bm_name=bm_src0 --topk=1 --hidden_size=3584 --new_hidden_size=2560 --m_per_expert=21754,11626,5892,4610,4521,3304,2305,2272,1515,1335,1116,842,819,786,690,577,450,312,311,252,235,13,6,1 --verify=true
mxfp8_e4m3_moe --bm_name=bm_src0 --topk=1 --hidden_size=3584 --new_hidden_size=2560 --m_per_expert=67929,16971,14534,9288,7453,4407,2533,1590,1447,1304,1303,970,810,157,137,122,83,20,14,9,4,1,1,1 --verify=true
mxfp4_moe --bm_name=bm_src0 --topk=1 --hidden_size=3584 --new_hidden_size=2560 --m_per_expert=3896,3038,2565,1590,1377,916,784,524,392,245,216,159,127,98,94,85,83,59,48,37,35,16,6,2 --verify=true
mxfp4_moe --bm_name=bm_src0 --topk=1 --hidden_size=3584 --new_hidden_size=2560 --m_per_expert=13979,8328,1758,1562,1517,902,894,732,614,614,436,307,258,235,180,174,83,75,69,25,24,9,6,3 --verify=true
mxfp4_moe --bm_name=bm_src0 --topk=1 --hidden_size=3584 --new_hidden_size=2560 --m_per_expert=21364,7970,6270,4915,4863,3756,3248,2501,1185,1176,852,613,522,511,491,435,197,146,123,106,85,79,29,3 --verify=true
mxfp4_moe --bm_name=bm_src0 --topk=1 --hidden_size=3584 --new_hidden_size=2560 --m_per_expert=17351,9833,8633,7463,5701,3294,2492,2229,1855,1505,1401,800,654,417,406,350,269,264,242,204,115,38,19,9 --verify=true
mxfp4_moe --bm_name=bm_src0 --topk=1 --hidden_size=3584 --new_hidden_size=2560 --m_per_expert=21266,20831,20485,17628,12667,10927,7153,4688,4519,2209,2171,1576,1167,972,856,623,524,370,148,127,81,44,41,15 --verify=true
fp8_tensor_moe --bm_name=bm_src0 --topk=1 --hidden_size=3584 --new_hidden_size=2560 --m_per_expert=8560,5033,4709,3787,3132,868,768,602,565,559,422,405,382,332,327,285,283,268,249,222,193,117,100,91,87,66,59,58,44,39,37,36,21,16,12,10,8,7,7,6,3,3,1,1,1,1,1,1 --verify=true
mxfp8_e4m3_moe --bm_name=bm_src0 --topk=1 --hidden_size=3584 --new_hidden_size=2560 --m_per_expert=4207,4057,2526,2503,2492,1817,1699,1674,1520,1277,1089,989,798,765,751,746,711,622,518,410,312,279,190,156,78,73,65,51,46,42,37,35,34,32,31,30,24,21,15,15,12,12,8,7,5,1,1,1 --verify=true
mxfp4_moe --bm_name=bm_src0 --topk=1 --hidden_size=3584 --new_hidden_size=2560 --m_per_expert=7470,6951,2885,1480,1468,1381,1375,1241,853,831,777,756,447,428,423,423,390,358,314,268,228,224,218,195,193,139,132,125,114,111,106,72,64,59,50,42,38,26,25,24,17,16,15,14,11,5,1,1 --verify=true
fp8_tensor_moe --bm_name=bm_src0 --topk=1 --hidden_size=3584 --new_hidden_size=2560 --m_per_expert=2940,1499,1450,918,728,692,675,556,437,418,346,329,289,253,243,242,236,231,227,208,186,180,172,149,137,136,125,123,119,116,110,108,98,91,90,88,85,83,82,77,76,70,66,63,59,57,57,56,45,44,44,42,40,40,39,37,36,34,26,21,21,19,16,13,12,11,10,10,9,9,8,5,5,5,5,4,4,4,3,2,2,1,1,1,1,1,1,1,1,1,1,1,1,1,1,1 --verify=true
mxfp8_e4m3_moe --bm_name=bm_src0 --topk=1 --hidden_size=3584 --new_hidden_size=2560 --m_per_expert=2444,1957,1890,1236,719,637,417,354,346,345,279,274,269,261,238,233,232,213,210,202,199,174,171,168,165,159,153,152,129,120,118,116,102,99,94,86,83,76,74,63,62,62,59,59,58,57,56,51,49,46,45,42,42,41,37,36,29,28,28,27,21,17,16,16,16,15,14,14,13,10,10,10,10,10,8,7,5,5,5,3,3,2,2,1,1,1,1,1,1,1,1,1,1,1,1,1 --verify=true
mxfp4_moe --bm_name=bm_src0 --topk=1 --hidden_size=3584 --new_hidden_size=2560 --m_per_expert=2639,1048,881,810,675,613,544,514,493,484,477,407,314,294,290,287,272,257,256,242,236,232,229,218,189,179,172,159,159,145,141,134,121,116,115,108,108,103,100,99,94,91,88,85,81,81,80,78,78,74,73,66,64,52,48,45,40,36,35,30,29,27,27,26,21,11,10,10,9,7,6,6,5,5,4,4,3,3,2,2,2,2,2,2,1,1,1,1,1,1,1,1,1,1,1,1 --verify=true
fp8_tensor_moe --bm_name=bm_src0 --topk=1 --hidden_size=3584 --new_hidden_size=2560 --m_per_expert=7238,6347,5920,5744,5000,2410,2369,1922,1881,1865,1813,1784,1667,1480,1475,1443,1347,1240,1088,1049,975,895,881,872,841,752,718,697,692,689,649,612,593,546,512,475,469,456,427,419,405,405,403,378,376,364,323,320,311,308,301,291,290,280,273,272,264,247,230,222,220,219,202,202,200,192,191,189,183,175,167,160,157,151,142,141,139,132,132,127,127,121,120,118,114,111,110,106,106,105,96,94,90,90,90,81,81,81,80,70,70,69,69,69,68,68,65,63,60,57,57,56,56,52,50,49,47,46,46,42,41,41,41,39,37,36,36,35,33,32,29,29,28,26,25,24,21,20,19,18,17,17,17,16,15,15,13,12,11,11,10,10,10,9,8,8,8,7,7,7,6,5,5,4,4,3,3,3,2,2,2,1,1,1,1,1,1,1,1,1,1,1,1,1,1,1,1,1,1,1,1,1 --verify=true
mxfp8_e4m3_moe --bm_name=bm_src0 --topk=1 --hidden_size=3584 --new_hidden_size=2560 --m_per_expert=6804,4390,3736,3708,3688,3529,3099,2558,2525,2490,1977,1798,1763,1549,1535,1429,1286,1254,1244,1116,1085,1045,1037,975,974,955,952,913,807,717,640,628,580,568,563,555,509,505,502,495,483,471,468,431,426,423,422,411,411,394,373,372,355,353,341,336,323,322,289,280,279,266,261,254,251,250,247,242,205,180,170,167,167,163,156,155,146,144,119,112,110,107,101,100,98,95,94,92,92,90,90,89,88,84,84,81,78,77,76,72,71,70,70,64,63,63,61,59,57,55,53,51,50,48,48,47,47,46,43,43,41,40,39,39,38,37,36,36,34,34,32,31,30,30,29,29,27,25,25,22,21,20,20,19,18,17,15,15,14,14,12,9,9,8,8,8,7,7,7,6,6,6,6,5,5,4,4,3,2,2,2,2,2,1,1,1,1,1,1,1,1,1,1,1,1,1,1,1,1,1,1,1 --verify=true
mxfp4_moe --bm_name=bm_src0 --topk=1 --hidden_size=3584 --new_hidden_size=2560 --m_per_expert=6833,5224,5138,5023,3851,3521,2403,2385,2275,2240,2041,1816,1604,1314,1187,1114,1052,922,903,894,867,862,823,761,748,713,685,668,632,619,613,613,613,609,601,584,567,552,546,527,482,466,464,450,447,421,414,413,410,409,384,370,361,354,338,334,315,311,284,283,278,276,269,255,250,250,246,234,232,229,219,218,216,198,188,186,179,178,170,163,162,160,156,155,155,139,138,128,116,113,111,111,110,109,99,98,89,88,87,85,84,83,83,82,80,80,79,77,74,74,73,73,70,67,63,58,58,57,55,54,54,53,53,52,48,44,44,36,35,34,32,31,31,31,29,26,23,23,21,21,18,18,16,15,14,14,14,13,12,12,12,12,11,11,11,11,10,10,9,9,9,8,8,7,7,6,6,4,4,4,3,3,2,2,1,1,1,1,1,1,1,1,1,1,1,1,1,1,1,1,1,1 --verify=true
bf16_moe --bm_name=bm_src1 --topk=1 --hidden_size=4096 --new_hidden_size=3072 --m_per_expert=174,110,92,76,65,64,28,23,20,19,19,19,8,8,6,6,5,4,4,4,2,2,1,1,1,1,1,1,1,1,1,1 --verify=true
bf16_moe --bm_name=bm_src1 --topk=1 --hidden_size=4096 --new_hidden_size=3072 --m_per_expert=671,414,120,94,67,61,36,33,31,29,28,27,26,23,19,19,18,13,12,11,8,7,7,4,3,3,2,2,1,1,1,1 --verify=true
bf16_moe --bm_name=bm_src1 --topk=1 --hidden_size=4096 --new_hidden_size=3072 --m_per_expert=804,203,172,100,75,74,73,71,67,58,51,50,45,43,41,19,18,17,16,11,10,7,6,6,4,1,1,1,1,1,1,1 --verify=true
bf16_moe --bm_name=bm_src1 --topk=1 --hidden_size=4096 --new_hidden_size=3072 --m_per_expert=894,520,447,234,225,198,151,123,118,99,83,82,70,55,53,46,32,27,25,21,20,17,13,12,5,3,3,3,2,1,1,1 --verify=true
bf16_moe --bm_name=bm_src1 --topk=1 --hidden_size=4096 --new_hidden_size=3072 --m_per_expert=2681,1139,1056,369,318,309,287,267,261,255,223,198,132,122,113,95,82,82,48,29,27,20,20,17,17,13,5,2,2,1,1,1 --verify=true
bf16_moe --bm_name=bm_src1 --topk=1 --hidden_size=4096 --new_hidden_size=3072 --m_per_expert=5482,554,510,453,375,344,326,323,253,208,204,176,166,125,117,111,111,91,65,42,40,29,26,24,23,21,13,12,5,5,5,1 --verify=true
bf16_moe --bm_name=bm_src1 --topk=1 --hidden_size=4096 --new_hidden_size=3072 --m_per_expert=6728,3692,2613,2273,1022,524,443,421,379,370,329,317,280,193,189,168,131,85,65,58,50,42,28,24,21,12,10,5,4,2,1,1 --verify=true
bf16_moe --bm_name=bm_src1 --topk=1 --hidden_size=4096 --new_hidden_size=3072 --m_per_expert=10510,7568,6387,4916,3504,3096,3053,2772,2668,2564,2555,2502,2328,1993,1305,1283,1103,1040,869,801,605,573,413,395,229,226,147,61,25,25,19,1 --verify=true
